(Pdb) current_indices
array([  0,   1,   2,   3,   4,   5,   6,   7,   8,   9,  10,  11,  12,
        13,  14,  15,  16,  17,  18,  19,  20,  21,  22,  23,  24,  25,
        26,  27,  28,  29,  30,  31,  32,  33,  34,  35,  36,  37,  38,
        39,  40,  41,  42,  43,  44,  45,  46,  47,  48,  49,  50,  51,
        52,  53,  54,  55,  56,  57,  58,  59,  60,  61,  62,  63,  64,
        65,  66,  67,  68,  69,  70,  71,  72,  73,  74,  75,  76,  77,
        78,  79,  80,  81,  82,  83,  84,  85,  86,  87,  88,  89,  90,
        91,  92,  93,  94,  95,  96,  97,  98,  99, 100, 101, 102, 103,
       104, 105, 106, 107, 108, 109, 110, 111, 112, 113, 114, 115, 116,
       117, 118, 119, 120, 121, 122, 123, 124, 125, 126, 127, 128, 129,
       130])
       
(Pdb) target_indices
array([  0.        ,   0.50980392,   1.01960784,   1.52941176,
         2.03921569,   2.54901961,   3.05882353,   3.56862745,
         4.07843137,   4.58823529,   5.09803922,   5.60784314,
         6.11764706,   6.62745098,   7.1372549 ,   7.64705882,
         8.15686275,   8.66666667,   9.17647059,   9.68627451,
        10.19607843,  10.70588235,  11.21568627,  11.7254902 ,
        12.23529412,  12.74509804,  13.25490196,  13.76470588,
        14.2745098 ,  14.78431373,  15.29411765,  15.80392157,
        16.31372549,  16.82352941,  17.33333333,  17.84313725,
        18.35294118,  18.8627451 ,  19.37254902,  19.88235294,
        20.39215686,  20.90196078,  21.41176471,  21.92156863,
        22.43137255,  22.94117647,  23.45098039,  23.96078431,
        24.47058824,  24.98039216,  25.49019608,  26.        ,
        26.50980392,  27.01960784,  27.52941176,  28.03921569,
        28.54901961,  29.05882353,  29.56862745,  30.07843137,
        30.58823529,  31.09803922,  31.60784314,  32.11764706,
        32.62745098,  33.1372549 ,  33.64705882,  34.15686275,
        34.66666667,  35.17647059,  35.68627451,  36.19607843,
        36.70588235,  37.21568627,  37.7254902 ,  38.23529412,
        38.74509804,  39.25490196,  39.76470588,  40.2745098 ,
        40.78431373,  41.29411765,  41.80392157,  42.31372549,
        42.82352941,  43.33333333,  43.84313725,  44.35294118,
        44.8627451 ,  45.37254902,  45.88235294,  46.39215686,
        46.90196078,  47.41176471,  47.92156863,  48.43137255,
        48.94117647,  49.45098039,  49.96078431,  50.47058824,
        50.98039216,  51.49019608,  52.        ,  52.50980392,
        53.01960784,  53.52941176,  54.03921569,  54.54901961,
        55.05882353,  55.56862745,  56.07843137,  56.58823529,
        57.09803922,  57.60784314,  58.11764706,  58.62745098,
        59.1372549 ,  59.64705882,  60.15686275,  60.66666667,
        61.17647059,  61.68627451,  62.19607843,  62.70588235,
        63.21568627,  63.7254902 ,  64.23529412,  64.74509804,
        65.25490196,  65.76470588,  66.2745098 ,  66.78431373,
        67.29411765,  67.80392157,  68.31372549,  68.82352941,
        69.33333333,  69.84313725,  70.35294118,  70.8627451 ,
        71.37254902,  71.88235294,  72.39215686,  72.90196078,
        73.41176471,  73.92156863,  74.43137255,  74.94117647,
        75.45098039,  75.96078431,  76.47058824,  76.98039216,
        77.49019608,  78.        ,  78.50980392,  79.01960784,
        79.52941176,  80.03921569,  80.54901961,  81.05882353,
        81.56862745,  82.07843137,  82.58823529,  83.09803922,
        83.60784314,  84.11764706,  84.62745098,  85.1372549 ,
        85.64705882,  86.15686275,  86.66666667,  87.17647059,
        87.68627451,  88.19607843,  88.70588235,  89.21568627,
        89.7254902 ,  90.23529412,  90.74509804,  91.25490196,
        91.76470588,  92.2745098 ,  92.78431373,  93.29411765,
        93.80392157,  94.31372549,  94.82352941,  95.33333333,
        95.84313725,  96.35294118,  96.8627451 ,  97.37254902,
        97.88235294,  98.39215686,  98.90196078,  99.41176471,
        99.92156863, 100.43137255, 100.94117647, 101.45098039,
       101.96078431, 102.47058824, 102.98039216, 103.49019608,
       104.        , 104.50980392, 105.01960784, 105.52941176,
       106.03921569, 106.54901961, 107.05882353, 107.56862745,
       108.07843137, 108.58823529, 109.09803922, 109.60784314,
       110.11764706, 110.62745098, 111.1372549 , 111.64705882,
       112.15686275, 112.66666667, 113.17647059, 113.68627451,
       114.19607843, 114.70588235, 115.21568627, 115.7254902 ,
       116.23529412, 116.74509804, 117.25490196, 117.76470588,
       118.2745098 , 118.78431373, 119.29411765, 119.80392157,
       120.31372549, 120.82352941, 121.33333333, 121.84313725,
       122.35294118, 122.8627451 , 123.37254902, 123.88235294,
       124.39215686, 124.90196078, 125.41176471, 125.92156863,
       126.43137255, 126.94117647, 127.45098039, 127.96078431,
       128.47058824, 128.98039216, 129.49019608, 130.        ])

(Pdb) df['Voltage_measured'].values
array([4.19372833, 4.19298792, 3.98420839, 3.95485506, 3.93142856,
       3.91118278, 3.8935618 , 3.87772412, 3.86399033, 3.85164185,
       3.84063031, 3.83077341, 3.82192432, 3.81424992, 3.80683702,
       3.80023866, 3.79419809, 3.78871624, 3.78353426, 3.7789102 ,
       3.77411352, 3.76960077, 3.76515348, 3.76074818, 3.75654198,
       3.75220319, 3.74809375, 3.74380821, 3.73935675, 3.73502745,
       3.730695  , 3.72642659, 3.7219884 , 3.71753582, 3.71310064,
       3.70881984, 3.70439769, 3.70006696, 3.69590242, 3.69186661,
       3.68786672, 3.6839261 , 3.68015461, 3.67654197, 3.67281567,
       3.66927403, 3.66583178, 3.66247027, 3.65929728, 3.65601377,
       3.65312051, 3.64977404, 3.64684159, 3.64386863, 3.64088404,
       3.63798559, 3.63515322, 3.63208252, 3.62881974, 3.62540196,
       3.62160397, 3.61778751, 3.61386305, 3.60993088, 3.60572394,
       3.60168778, 3.59765247, 3.59389557, 3.59029068, 3.5868412 ,
       3.58357839, 3.58022111, 3.57724205, 3.57411077, 3.57112939,
       3.5682334 , 3.56528581, 3.5623413 , 3.55967813, 3.5567944 ,
       3.55410646, 3.5513773 , 3.54861593, 3.54596651, 3.54336633,
       3.54087353, 3.53825815, 3.53567511, 3.53316336, 3.53064828,
       3.52822056, 3.52574838, 3.52312184, 3.52070796, 3.51844499,
       3.51584515, 3.51347572, 3.51111366, 3.50879122, 3.50643947,
       3.50407382, 3.50163213, 3.49936333, 3.49701517, 3.49475278,
       3.49255193, 3.49015274, 3.48813438, 3.4857316 , 3.4836138 ,
       3.48135905, 3.47897918, 3.47680385, 3.47480027, 3.47258029,
       3.47043424, 3.46820504, 3.46617026, 3.46406425, 3.46208941,
       3.45999575, 3.45793271, 3.45467549, 3.45251129, 3.44932178,
       3.44723218, 3.44508385, 3.43903138, 3.43395676, 3.43066202,
       3.42705752])

(Pdb) resampled_data['Voltage_measured']       
array([4.19372833, 4.19335086, 4.1888942 , 4.08245758, 3.98305728,
       3.96809283, 3.95347703, 3.94153411, 3.92984065, 3.91951928,
       3.90945524, 3.90047199, 3.89169854, 3.88362443, 3.87583909,
       3.86883755, 3.86205331, 3.85575801, 3.84969864, 3.84408491,
       3.83869759, 3.8336725 , 3.82886478, 3.82435348, 3.82011858,
       3.81620614, 3.81236036, 3.80858123, 3.80502571, 3.80166184,
       3.79846202, 3.79538251, 3.79247829, 3.78968363, 3.78698891,
       3.78434712, 3.78190223, 3.77954487, 3.7771232 , 3.77467783,
       3.77234381, 3.7700432 , 3.76776953, 3.76550228, 3.76325315,
       3.76100731, 3.75885126, 3.75670693, 3.75450019, 3.75228826,
       3.75018876, 3.74809375, 3.74590896, 3.74372093, 3.74145155,
       3.73918697, 3.73697988, 3.7347726 , 3.7325639 , 3.73036023,
       3.72818417, 3.72599147, 3.72372887, 3.72146456, 3.71919462,
       3.71692707, 3.714666  , 3.71242915, 3.71024678, 3.70803946,
       3.70578503, 3.70354852, 3.7013407 , 3.69916872, 3.69704563,
       3.69495282, 3.69289534, 3.69084703, 3.68880787, 3.68678498,
       3.68477603, 3.68281684, 3.68089412, 3.67902124, 3.67717949,
       3.67529987, 3.67340019, 3.67156568, 3.66976014, 3.66799162,
       3.66623675, 3.66451354, 3.66279983, 3.66116374, 3.65954614,
       3.65788087, 3.65620692, 3.65470897, 3.65323397, 3.6515457 ,
       3.64983966, 3.64833656, 3.64684159, 3.64532596, 3.64381011,
       3.64228855, 3.64077038, 3.63929274, 3.63781898, 3.63637503,
       3.63491238, 3.63334692, 3.63176264, 3.63009926, 3.62841765,
       3.62667525, 3.62488066, 3.62294443, 3.62100531, 3.61905966,
       3.61709496, 3.61509425, 3.61309204, 3.6110874 , 3.6090235 ,
       3.60687879, 3.60477426, 3.6027166 , 3.60065917, 3.59860195,
       3.59662116, 3.59470588, 3.59283531, 3.59099752, 3.58920849,
       3.58744993, 3.5857536 , 3.5840902 , 3.58239347, 3.58068191,
       3.57911126, 3.57759253, 3.5760141 , 3.57441776, 3.57288314,
       3.57136323, 3.56988014, 3.56840375, 3.56690409, 3.5654014 ,
       3.56390016, 3.56239904, 3.56103583, 3.55967813, 3.558208  ,
       3.5567417 , 3.55537138, 3.55399944, 3.5526081 , 3.55121487,
       3.54980711, 3.54840813, 3.54705745, 3.54571159, 3.54438601,
       3.54307306, 3.54180222, 3.54051456, 3.53918123, 3.53785297,
       3.53653613, 3.53523186, 3.53395136, 3.5326702 , 3.53138801,
       3.53012466, 3.52888699, 3.52763887, 3.52637854, 3.52507887,
       3.52373985, 3.52245921, 3.5212286 , 3.52004238, 3.51888871,
       3.51762935, 3.51630395, 3.51505534, 3.5138474 , 3.51264205,
       3.51143786, 3.51024844, 3.50906444, 3.50786896, 3.50667003,
       3.50546538, 3.50425936, 3.50302055, 3.50177576, 3.50060895,
       3.4994523 , 3.49825831, 3.49706121, 3.49590615, 3.49475278,
       3.49363078, 3.49250488, 3.49128177, 3.49007359, 3.48904462,
       3.48799304, 3.48676809, 3.4855655 , 3.48448584, 3.48339274,
       3.48224326, 3.48107906, 3.4798658 , 3.4786806 , 3.47757161,
       3.47648956, 3.47546813, 3.47440851, 3.47327676, 3.4721595 ,
       3.47106543, 3.46995343, 3.46881698, 3.46772627, 3.46668893,
       3.46563343, 3.46455978, 3.46352214, 3.46251536, 3.46147363,
       3.46040628, 3.45934853, 3.45829678, 3.45684697, 3.45518642,
       3.45391165, 3.45280833, 3.45132304, 3.44969702, 3.44850233,
       3.44743705, 3.44634758, 3.44525235, 3.44247298, 3.4393874 ,
       3.43674282, 3.43415577, 3.4324063 , 3.43072662, 3.42889511,
       3.42705752])
